# set R -- 5 rounds, order rotated (rounds.sh <wt> r 5 ...), medians of the NFR-002 lines
sha       n  1  fps  1  p95  1 in95  2  fps  2  p95  2 in95  7  fps  7  p95  7 in95  6  fps  6  p95  6 in95
39e56cdd 5    31.54   45.90   31.50   26.43   52.70   32.50   24.85   50.00   35.90   47.35   33.33   14.70
623361af 5    31.50   44.80   31.30   26.52   54.10   34.20   24.36   53.17   39.50   45.43   33.33   15.40
0647874d 5    30.55   45.90   31.60   26.43   54.30   31.80   27.38   50.00   34.10   49.28   28.80   13.90
261e88b7 5    31.06   46.60   32.40   27.36   50.87   29.60   26.15   50.00   36.60   48.31   30.20   14.70
633db463 5    30.87   46.30   33.60   23.64   54.90   31.40   27.07   50.00   36.00   48.05   28.70   14.50
a171f67a 5    29.80   47.50   32.70   25.02   52.50   30.70   23.80   51.27   40.60   47.78   30.20   15.40
327f66fb 5    27.94   46.50   31.20   23.07   60.00   34.10   23.84   53.30   37.10   43.40   33.33   14.60
948b74cb 5    28.31   50.00   30.50   25.46   54.00   30.40   24.95   50.00   35.10   41.92   33.33   14.90
8c4d08e8 5    29.56   50.00   32.30   25.67   57.90   31.40   24.48   52.50   36.70   43.80   34.10   14.30

# set C -- 6 rounds, order rotated (rounds.sh <wt> c 6 ...), medians of the NFR-002 lines
sha       n  1  fps  1  p95  1 in95  2  fps  2  p95  2 in95  7  fps  7  p95  7 in95  6  fps  6  p95  6 in95
a171f67a 6    29.30   46.95   32.60   26.27   51.30   29.35   28.15   50.00   34.65   49.06   29.55   14.60
0f91160b 6    28.50   48.60   31.45   26.21   54.33   30.50   24.60   50.00   34.75   44.05   33.33   14.50
327f66fb 6    28.70   50.00   33.30   24.62   54.75   31.40   26.25   50.00   34.20   44.84   33.33   13.35
8c4d08e8 6    29.23   48.73   32.65   24.96   54.25   30.85   25.09   50.00   35.20   45.28   33.33   14.50
8c4d08e8nohint 6    30.45   47.30   32.65   26.04   53.03   31.80   29.07   50.00   34.00   50.07   28.50   14.20
